26,2252
26,2251
26,2250
26,2249
26,2248
26,2247
26,2246
26,2245
26,2244
26,2243
26,2242
26,2241
26,2240
26,2239
26,2238
26,2237
26,2236
26,2235
26,2234
26,2233
26,2232
26,2231
26,2230
26,2229
26,2228
26,2227
26,2226
26,2225
26,2224
26,2223
26,2222
26,2221
26,2220
26,2219
26,2218
26,37
26,3
26,2
26,1
26,0
18,4
18,3
18,1
18,0
17,6
17,5
17,4
17,3
17,2
17,1
17,0
16,3
16,0
15,6
15,5
15,4
15,3
15,1
15,0
14,3
14,1
14,0
13,3
13,1
13,0
12,3
12,1
12,0
11,4
11,3
11,1
11,0
10,5
10,3
10,0
4,3
4,1
4,0
2,17
2,15
2,14
2,13
2,12
2,11
2,10
2,8
2,3
2,2
2,1
2,0
1,3
1,1
1,0
0,437
0,424
0,423
0,415
0,408
0,383
0,376
0,352
0,350
0,341
0,339
0,336
0,327
0,322
0,320
0,319
0,317
0,243
0,9
0,310
0,305
0,308
0,304
0,303
0,302
0,307
0,12
0,433
0,10
0,8
0,0
0,367
0,300
0,444
0,299
0,298
0,370
0,297
0,330
0,296
0,430
0,295
0,360
0,294
0,342
0,293
0,378
0,292
0,340
0,291
0,395
0,290
0,409
0,289
0,288
0,369
0,287
0,301
0,286
0,447
0,285
0,316
0,284
0,353
0,283
0,349
0,282
0,384
0,281
0,427
0,280
0,432
0,279
0,326
0,278
0,403
0,277
0,318
0,276
0,381
26,2253
26,2254
26,2256
26,2257
26,2259
26,2260
26,2262
26,2264
26,2265
26,2267
26,2268
26,2270
26,2272
26,2273
26,2275
26,2276
26,2278
26,2279
26,2281
26,2283
26,2284
26,2286
26,2287
26,2289
26,2291
26,2292
26,2294
26,2295
26,2297
26,2298
26,2300
26,2302
26,2303
26,2305
26,2306
26,2308
26,2310
26,2311
26,2313
26,2314
26,2316
26,2317
26,2319
26,2321
26,2322
27,1
27,3
28,1
29,0
29,1
29,4
30,0
30,4
31,1
31,2
31,4
31,5
32,1
32,3
33,1
34,0
34,1
34,4
35,0
35,3
36,0
36,1
45,0
45,1
45,4
50,0
50,3
52,0
52,1
52,4
54,0
54,3
56,0
56,1
56,4
59,0
59,3
59,4
60,0
60,3
60,4
61,0
61,1
61,4
62,1
62,2
62,4
62,5
62,7
62,9
62,10
62,13
62,14
62,16
62,17
62,19
62,22
62,23
62,25
62,26
62,28
62,30
62,31
62,33
62,34
15588,1
15588,3
15589,0
15589,3
15589,4
15590,1
15590,3
15592,0
15592,3
15592,6
15594,1
15594,3
15594,5
15594,6
15594,8
15784,1
15784,3
19945,0
19945,1
19945,3
19945,5
19991,0
19991,3
19991,4
19991,6
19991,7
19991,9
19991,11
19991,12
19991,14
19991,15
23443,0
23443,2
23443,3
23443,5
23443,6
23443,7
23443,4
23443,1
19991,16
19991,13
19991,10
19991,8
19991,5
19991,1
19945,4
19945,2
15784,4
15784,0
15594,7
15594,4
15594,0
15592,1
15590,4
15590,0
15589,1
15588,4
15588,0
62,32
62,29
62,27
62,24
62,20
62,18
62,15
62,12
62,8
62,6
62,3
62,0
61,3
60,5
60,1
59,5
59,1
56,3
54,4
54,1
52,3
50,4
50,1
45,3
36,3
35,4
35,1
34,3
33,3
33,0
32,0
31,3
31,0
30,3
29,3
28,3
28,0
27,0
26,2320
26,2318
26,2315
26,2312
26,2309
26,2307
26,2304
26,2301
26,2299
26,2296
26,2293
26,2290
26,2288
26,2285
26,2282
26,2280
26,2277
26,2274
26,2271
26,2269
26,2266
26,2263
26,2261
26,2258
26,2255
0,275
0,419
0,274
0,396
0,273
0,323
0,272
0,435
0,271
0,426
0,270
0,361
0,269
0,439
0,268
0,267
0,440
0,266
0,438
0,265
0,347
0,264
0,351
0,263
0,418
0,262
0,429
0,261
0,425
0,260
0,377
0,259
0,258
0,404
0,257
0,401
0,256
0,371
0,255
0,312
0,254
0,397
0,253
0,428
0,252
0,421
0,251
0,417
0,250
0,410
0,249
0,407
0,248
0,393
0,247
0,402
0,246
0,411
0,245
0,366
0,244
0,443
0,242
0,368
0,241
0,399
0,240
0,374
0,239
0,394
0,238
0,387
0,237
0,436
0,236
0,343
0,235
0,345
0,234
0,338
0,233
0,391
0,232
0,309
0,231
0,315
0,230
0,346
0,229
0,388
0,228
0,325
0,227
0,357
0,226
0,392
0,225
0,337
0,224
0,314
0,223
0,363
0,222
0,328
0,221
0,311
0,220
0,332
0,219
0,442
0,218
0,335
0,217
0,329
0,216
0,313
0,215
0,356
0,214
0,422
0,213
0,441
0,212
0,434
0,211
0,355
0,210
0,359
0,209
0,208
0,207
0,386
0,206
0,400
0,205
0,365
0,204
0,380
0,203
0,334
0,202
0,389
0,201
0,390
0,200
0,364
0,199
0,420
0,198
0,416
0,197
0,385
0,196
0,372
0,195
0,382
0,194
0,333
0,193
0,344
0,192
0,412
0,63
0,362
0,62
0,348
0,61
0,306
0,60
0,414
0,59
0,354
0,58
0,445
0,57
0,331
0,56
0,405
0,55
0,379
0,54
0,375
0,53
0,413
0,52
0,321
0,51
0,446
0,50
0,431
0,49
0,406
0,48
0,398
0,47
0,373
0,46
0,358
0,45
0,324
0,6
0,5
0,1
0,11
0,4
0,2
0,3
0,7
